4
8429
ERROR:
ERROR:
16
0.0625
-30
3.14159
5.85987
6
81428
3.99758e+06
43
-120
2.78354e+06
ERROR:
ERROR:
ERROR:
ERROR:
ERROR:
ERROR:
ERROR:
-2
-0.00390625
1168
ERROR:
-16.4232
21.237
27.856
4.683
27.375
19
343
2.5
48
1424
-0.333333
14348
3
-4
6.71094
256
9429
9.132
1.07592
0.501719
21.33
-2.536
21
3.14159
91
152.224
11.873
235.23
-10
-1
-1
-761847
0
1
-1
0
ERROR:
ERROR:
5.02
0.0490874
24
16.341
22596.4
-1.427
0.179856
33.3206
21.503
4
ERROR:
102
ERROR:
1.00272e+06
ERROR:
ERROR:
ERROR:
1000
10
16982
62.4933
1
0
32.125
-5381.24
2000
0.00390625
10.6
2.22222e+06
0.781
1.42857
15.188
31.582
779.43
-46
8